camera_matrix:
- - 1464.9313182647834
  - 0.0
  - 976.9397285664686
- - 0.0
  - 1476.4647299901512
  - 566.5872185399714
- - 0.0
  - 0.0
  - 1.0
dist_coeff:
- - 0.13867638807778296
  - -0.8932816135659887
  - -0.0015612679961719675
  - 0.0012120012424455702
  - 1.3050427135455158
